7.519890000000
7.537630000000
7.555470000000
7.573220000000
7.591070000000
7.608820000000
7.626670000000
7.644420000000
7.662280000000
7.680040000000
7.697900000000
7.715660000000
7.733530000000
7.751300000000
7.769170000000
7.786950000000
7.804830000000
7.822610000000
7.840390000000
7.858280000000
7.876070000000
7.893960000000
7.911750000000
7.929650000000
7.947440000000
7.965350000000
7.983150000000
8.001050000000
8.018860000000
8.036760000000
8.054570000000
8.072480000000
8.090290000000
8.108200000000
8.126020000000
8.143830000000
8.161740000000
8.179550000000
8.197460000000
8.215270000000
8.233190000000
8.250990000000
8.268900000000
8.286700000000
8.304610000000
8.322410000000
8.340300000000
8.358100000000
8.375990000000
8.393770000000
8.411650000000
8.429430000000
8.447200000000
8.465060000000
8.482820000000
8.500670000000
8.518420000000
8.536250000000
8.553980000000
8.571800000000
8.589510000000
8.607310000000
8.625000000000
8.642780000000
8.660440000000
8.678200000000
8.695840000000
8.713570000000
8.731180000000
8.748780000000
8.766470000000
8.784040000000
8.801690000000
8.819200000000
8.836900000000
8.854500000000
8.872200000000
8.889800000000
8.907500000000
8.925100000000
8.942800000000
8.960400000000
8.978100000000
8.995700000000
9.013400000000
9.031000000000
9.048600000000
9.066300000000
9.083900000000
9.101600000000
9.119200000000
9.136900000000
9.154500000000
9.172200000000
9.189800000000
9.207500000000
9.225100000000
9.242800000000
9.260400000000
9.278100000000
9.295700000000
9.313400000000
9.331000000000
9.348600000000
9.366300000000
9.383900000000
9.401600000000
9.419200000000
9.436900000000
9.454500000000
9.472200000000
9.489800000000
9.507500000000
9.525100000000
9.542800000000
9.560400000000
9.578100000000
9.595700000000
9.613400000000
9.631000000000
9.648600000000
9.666300000000
9.683900000000
9.701600000000
9.719200000000
9.736900000000
9.754500000000
9.772200000000
9.789800000000
9.807500000000
9.825100000000
9.842800000000
9.860400000000
9.878100000000
9.895700000000
9.913400000000
9.931000000000
9.948600000000
9.966300000000
9.983900000000
10.001600000000
10.019200000000
10.037000000000
10.055000000000
10.072000000000
10.090000000000
10.107000000000
10.125000000000
10.143000000000
10.160000000000
10.178000000000
10.196000000000
10.213000000000
10.231000000000
10.249000000000
10.266000000000
10.284000000000
10.302000000000
10.319000000000
10.337000000000
10.355000000000
10.372000000000
10.390000000000
10.407000000000
10.425000000000
10.443000000000
10.460000000000
10.478000000000
10.496000000000
10.513000000000
10.531000000000
10.549000000000
10.566000000000
10.584000000000
10.602000000000
10.619000000000
10.637000000000
10.655000000000
10.672000000000
10.690000000000
10.707000000000
10.725000000000
10.743000000000
10.760000000000
10.778000000000
10.796000000000
10.813000000000
10.831000000000
10.849000000000
10.866000000000
10.884000000000
10.902000000000
10.919000000000
10.937000000000
10.955000000000
10.972000000000
10.990000000000
11.007000000000
11.025000000000
11.043000000000
11.060000000000
11.078000000000
11.096000000000
11.113000000000
11.131000000000
11.149000000000
11.166000000000
11.184000000000
11.192000000000
11.209000000000
11.227000000000
11.245100000000
11.262100000000
11.280100000000
11.297100000000
11.315100000000
11.333100000000
11.350100000000
11.368000000000
11.386000000000
11.402900000000
11.420800000000
11.438700000000
11.455500000000
11.473300000000
11.491200000000
11.507900000000
11.525700000000
11.543400000000
11.560200000000
11.577900000000
11.594500000000
11.612200000000
11.629800000000
11.646400000000
11.664000000000
11.681500000000
11.698100000000
11.715600000000
11.733100000000
11.749700000000
11.767200000000
11.784600000000
11.801100000000
11.818600000000
11.836100000000
11.852600000000
11.870100000000
11.886600000000
11.904100000000
11.921600000000
11.938200000000
11.955800000000
11.973400000000
11.990000000000
12.007700000000
